top_numeric
2 	33.5
4 	34.5
6 	35.5
8 	36.5
10 	37.5
12 	39
14 	40.5
16 	42.5
18 	44.5

top_alpha
XS 	34.5
S 	36.5
M 	38.5
L 	41.5
XL 	44.5

plus_top_numeric
16 	46
18 	48
20 	50
22 	52
24 	54

plus_top_x
1X 	46
2X 	49
3X 	52

petite_top_numeric
2 	32.5
4 	33.5
6 	34.5
8 	35.5
10 	36.5
12 	39
14 	40.5
16 	42.5
18 	44.5

petite_top_alpha
P 	33.5 	26 	36
S 	35.5	28 	38
M 	37.5	30 	40
L 	40.5	33 	43

bottom_numeric
2 	26 	36.5
4 	27 	37.5
6 	28 	38.5
8 	29 	39.5
10 	30 	40.5
12 	31.5 	42.5
14 	33 	43.5
16 	35 	45.5
18 	37 	47.5

bottom_alpha
XS 	27 	37.5
S 	29 	39.5
M 	31 	41.5
L 	34 	44.5
XL 	37 	47.5

petite_bottom_numeric
2 	25 	35
4 	26 	36
6 	27 	37
8 	28 	38
10 	29 	39
12 	31.5 	41.5
14 	33 	43
16 	35 	45
18 	37 	47

petite_bottom_alpha
P 	26 	36
S 	28 	38
M 	30 	40
L 	33 	43

plus_bottom_numeric
16 	38.5 	48.5
18 	40.5 	50.5
20 	42.5 	52.5
22 	44.5 	54.5
24 	46.5 	56.5

plus_bottom_x
1X 	38.5 	48.5
2X 	41.5 	51.5
3X 	44.5	54.5

dresses_numeric
2 	33.5	26 	36.5
4 	34.5 	27 	37.5
6 	35.5 	28 	38.5
8 	36.5 	29 	39.5
10 	37.5 	30 	40.5
12 	39 	31.5 	42.5
14 	40.5 	33 	43.5
16 	42.5 	35 	45.5
18 	44.5 	37 	47.5

dresses_alpha
XS 	34.5 	27 	37.5
S 	36.5 	29 	39.5
M 	38.5 	31 	41.5
L 	41.5 	34 	44.5
XL 	44.5 	37 	47.5

petite_dresses_numeric
2 	32.5 	25 	35
4 	33.5 	26 	36
6 	34.5 	27 	37
8 	35.5 	28 	38
10 	36.5 	29 	39
12 	39 	31.5 	41.5
14 	40.5 	33 	43
16 	42.5 	35 	45
18 	44.5 	37 	47

petite_dresses_alpha
P 	33.5 	26 	36
S 	35.5 	28 	38
M 	37.5 	30 	40
L 	40.5 	33 	43

plus_dresses_numeric
16 	46 	38.5 	48.5
18 	48 	40.5 	50.5
20 	50 	42.5 	52.5
22 	52 	44.5 	54.5
24 	54 	46.5 	56.5

plus_dresses_x
1X 	46 	38.5 	48.5
2X 	49 	41.5 	51.5
3X 	52 	44.5 	54.5

outerwear_numeric
2 	33.5
4 	34.5
6 	35.5
8 	36.5
10 	37.5
12 	39
14 	40.5
16 	42.5
18 	44.5

outerwear_and_jacket_alpha
XS 	34.5
S 	36.5
M 	38.5
L 	41.5
XL 	44.5

petite_outerwear_numeric
2 	32.5
4 	33.5
6 	34.5
8 	35.5
10 	36.5
12 	39
14 	40.5
16 	42.5
18 	44.5

petite_outerwear_alpha
P 	33.5
S 	35.5
M 	37.5
L 	40.5

plus_outerwear_numeric
16 	46
18 	48
20 	50
22 	52
24 	54

plus_outerwear_x
1X 	46
2X 	49
3X 	52



