top_alpha
XS	32  33  24  25	35.25 36.25
S	34  35	26  27	37.25 38.25
M	36  37	28  29	39.25 40.25
L	38.5 40	30.5 32	41.75 43.25
XL	41.5 43	33.5 35	44.75 46.25

petite_top_alpha
P	33  34	26  27	35  36
S	35  36	28  29	37  38
M	37  38.5	30  31.5	39  40.5
L	40  41.5	33  34.5	42  43.5
XL	43.5 43.5	36.5    36.5	45.5    45.5

top_numeric
0	32  32	24  24	35.25   35.25
2	33  33	25 25 	36.25   36.25
4	34  34 	26  26	37.25   37.25  
6	35  35	27  27	38.25   38.25
8	36  36	28  28	39.25   39.25
10	37  37	29  29	40.25   40.25
12	38.5    38.5	30.5    30.5	41.75   41.75
14	40  40	32  32	43.25   43.25
16	41.5    41.5	33.5    33.5	44.75   44.75
18	43  43	35  35	46.25   46.25

petite_top_numeric
2	33  33	26  26	35  35
4	34  34	27  27	36  36
6	35  35	28  28	37  37
8	36  36	29  29	38  38
10	37  37	30  30	39  39
12	38.5    38.5	31.5    31.5	40.5    40.5
14	40  40	33  33	42  42
16	41.5    41.5	34.5    34.5	43.5    43.5
18	43.5    43.5	36.5    36.5	45.5    45.5

plus_top_numeric
14	41  41	32  32	44  44
16	43  43	34  34	46  46
18	45  45	36  36	48  48
20	47  47	38  38	50  50
22	49  49	40  40 	52  52
24	51  51	42  42	54  54

plus_top_x
1X	41  43	32  34	44  46
2X	45  47	36  38	48  50
3X	49  51	40  42	52  54

bottom_numeric
0	0   0   24  24	35.25   35.25
2	0   0   25  25 	36.25   36.25
4	0   0   26  26	37.25   37.25
6	0   0   27  27	38.25   38.25
8	0   0   28  28	39.25   39.25
10	0   0   29  29	40.25   40.25
12	0   0   30.5    30.5	41.75   41.75
14	0   0   32  32	43.25   43.25
16	0   0   33.5    33.5	44.75   44.75
18	0   0   35  35	46.25   46.25

bottom_alpha
XS	0   0   24  25	35.25 36.25
S	0   0   26  27	37.25 38.25
M	0   0   28  29	39.25 40.25
L	0   0   30.5 32	41.75 43.25
XL	0   0   33.5 35	44.75 46.25

plus_bottom_numeric
14	0   0   32  32	44  44
16	0   0   34  34	46  46
18	0   0   36  36	48  48
20	0   0   38  38	50  50
22	0   0   40  40	52  52
24	0   0   42  42	54  54

plus_bottom_x
1X	0   0   32  34	44  46
2X	0   0   36  38	48  50
3X	0   0   40  42	52  54

petite_jean_alpha
P	0   0   26  26	35  35
S	0   0   27  28	36  37
M	0   0   29  30	38  39
L	0   0   31.5 33	40.5 43
XL	0   0   34.5    34.5	44.5    44.5

petite_jean_numeric
2	0   0   26  26	35  35
4	0   0   27  27	36  36
6	0   0   28  28	37  37
8	0   0   29  29	38  38
10	0   0   30  30	39  39
12	0   0   31.5    31.5	40.5    40.5
14	0   0   33  33	43  43
16	0   0   34.5    34.5	44.5    44.5

petite_pant_short_alpha
P	0   0   26  27	35  36
S	0   0   28  29	37  38
M	0   0   30  31.5	39  40.5
L	0   0   33  34.5	42  43.5
XL	0   0   36.5 36.5	45.5 45.5

petite_pant_short_numeric
2	0   0   26  26	35  35
4	0   0   27  27	36  36
6	0   0   28  28	37  37
8	0   0   29  29	38  38
10	0   0   30  30	39  39
12	0   0   31.5    31.5	40.5    40.5
14	0   0   33  33	42  42
16	0   0   34.5    34.5	43.5    43.5
18	0   0   36.5    36.5	45.5    45.5

dresses_alpha
XS	32  33	24  25	35.25 36.25
S	34  35	26  27	37.25 38.25
M	36  37	28  29	39.25 40.25
L	38.5 40	30.5 32	41.75 43.25
XL	41.5 43	33.5 35	44.75 46.25

petite_dresses_alpha
P	33  34	26  27	35  36
S	35  36	28  29	37  38
M	37  38.5	30  31.5	39  40.5
L	40  41.5	33  34.5	42  43.5
XL	43.5    43.5	36.5    36.5	45.5    45.5

dresses_numeric
0	32  32	24  24	35.25   35.25
2	33  33	25  25	36.25   36.25
4	34  34	26  26	37.25   37.25
6	35  35	27  27	38.25   38.25
8	36  36  28  28	39.25   39.25
10	37  37	29  29	40.25   40.25
12	38.5    38.5	30.5    30.5	41.75   41.75
14	40  40	32  32	43.25   43.25
16	41.5    41.5	33.5    33.5	44.75   44.75
18	43  43	35  35	46.25   46.25

petite_dresses_numeric
2	33  33	26  26	35  35
4	34  34	27  27	36  36
6	35  35	28  28	37  37
8	36  36	29  29	38  38
10	37  37	30  30	39  39
12	38.5    38.5	31.5    31.5	40.5    40.5
14	40  40	33  33	42  42
16	41.5    41.5	34.5    34.5	43.5    43.5
18	43.5    43.5	36.5    36.5	45.5    45.5

plus_dresses_numeric
14	41  41	32  32	44  44
16	43  43	34  34	46  46
18	45  45	36  36	48  48
20	47  47	38  38	50  50
22	49  49	40  40	52  52
24	51  51	42  42	54  54

plus_dresses_x
1X	41  43	32  34	44  46
2X	45  47	36  38	48  50
3X	49  51	40  42	52  54

jacket_blazer_alpha
XS	32  33	24  25	35.25 36.25
S	34  35	26  27	37.25 38.25
M	36  37	28  29	39.25 40.25
L	38.5 40	30.5 32	41.75 43.25
XL	41.5 43	33.5 35	44.75 46.25

petite_jacket_blazer_alpha
P	33  34	26  27	35  36
S	35  36	28  29	37  38
M	37  38.5	30  31.5	39  40.5
L	40  41.5	33  34.5	42  43.5
XL	43.5    43.5	36.5    36.5	45.5    45.5

jacket_blazer_numeric
0	32  32	24  24	35.25   35.25
2	33  33	25  25	36.25   36.25
4	34  34	26  26	37.25   37.25
6	35  35	27  27	38.25   38.25
8	36  36	28  28	39.25   39.25
10	37  37	29  29	40.25   40.25
12	38.5    38.5	30.5    30.5	41.75   41.75
14	40  40	32  32	43.25   43.25
16	41.5    41.5	33.5    33.5	44.75   44.75
18	43  43	35  35	46.25   46.25

petite_jacket_blazer_numeric
2	33  33	26  26	35  35
4	34  34	27  27	36  36
6	35  35	28  28	37  37
8	36  36	29  29	38  38
10	37  37	30  30	39  39
12	38.5    38.5	31.5    31.5	40.5    40.5
14	40  40	33  33	42  42
16	41.5    41.5	34.5    34.5	43.5    43.5
18	43.5    43.5	36.5    36.5	45.5    45.5

plus_jacket_blazer_numeric
14	41  41	32  32	44  44
16	43  43	34  34	46  46
18	45  45	36  36	48  48
20	47  47	38  38	50  50
22	49  49	40  40	52  52
24	51  51	42  42	54  54

plus_jacket_blazer_x
1X	41  43	32  34	44  46
2X	45  47	36  38	48  50
3X	49  51	40  42	52  54

