top_numeric
2 	33.5	33.5	0	0	0	0
4 	34.5	34.5	0	0	0	0
6 	35.5	35.5	0	0	0	0
8 	36.5	36.5	0	0	0	0
10 	37.5	37.5	0	0	0	0
12 	39	39	0	0	0	0
14 	40.5	40.5	0	0	0	0
16 	42.5	42.5	0	0	0	0
18 	44.5	44.5	0	0	0	0

top_alpha
XS 	34.5	34.5	0	0	0	0
S 	36.5	36.5	0	0	0	0
M 	38.5	38.5	0	0	0	0
L 	41.5	41.5	0	0	0	0
XL 	44.5	44.5	0	0	0	0

plus_top_numeric
16 	46	46	0	0	0	0
18 	48	48	0	0	0	0
20 	50	50	0	0	0	0
22 	52	52	0	0	0	0
24 	54

plus_top_x
1X 	46	46	0	0	0	0
2X 	49	49	0	0	0	0
3X 	52	52	0	0	0	0

petite_top_numeric
2 	32.5	32.5	0	0	0	0
4 	33.5	33.5	0	0	0	0
6 	34.5	34.5	0	0	0	0
8 	35.5	35.5	0	0	0	0
10 	36.5	36.5	0	0	0	0
12 	39	39	0	0	0	0
14 	40.5	40.5	0	0	0	0
16 	42.5	42.5	0	0	0	0
18 	44.5	44.5	0	0	0	0

petite_top_alpha
P 	33.5	33.5 	26	26 	36	36
S 	35.5	35.5	28	28 	38	38
M 	37.5	37.5	30	30 	40	40
L 	40.5	40.5	33	33 	43	43

bottom_numeric
2 	0	0	26	26 	36.5	36.5
4 	0	0	27	27 	37.5	37.5
6 	0	0	28	28 	38.5	38.5
8 	0	0	29	29 	39.5	39.5
10 	0	0	30	30 	40.5	40.5
12 	0	0	31.5	31.5 	42.5	42.5
14 	0	0	33	33 	43.5	43.5
16 	0	0	35	35 	45.5	45.5
18 	0	0	37	37 	47.5	47.5

bottom_alpha
XS 	0	0	27	27 	37.5	37.5
S 	0	0	29	29 	39.5	39.5
M 	0	0	31	31 	41.5	41.5
L 	0	0	34	34 	44.5	44.5
XL 	0	0	37	37 	47.5	47.5

petite_bottom_numeric
2 	0	0	25	25 	35	35
4 	0	0	26	26 	36	36
6 	0	0	27	27 	37	37
8 	0	0	28	28 	38	38
10 	0	0	29	29 	39	39
12 	0	0	31.5	31.5 	41.5	41.5
14 	0	0	33	33 	43	43
16 	0	0	35	35 	45	45
18 	0	0	37	37 	47	47

petite_bottom_alpha
P 	0	0	26	26 	36	36
S 	0	0	28	28 	38	38
M 	0	0	30	30 	40	40
L 	0	0	33	33 	43	43

plus_bottom_numeric
16 	0	0	38.5	38.5 	48.5	48.5
18 	0	0	40.5	40.5 	50.5	50.5
20 	0	0	42.5	42.5 	52.5	52.5
22 	0	0	44.5	44.5 	54.5	54.5
24 	0	0	46.5	46.5 	56.5	56.5

plus_bottom_x
1X 	0	0	38.5	38.5 	48.5	48.5
2X 	0	0	41.5	41.5 	51.5	51.5
3X 	0	0	44.5	44.5	54.5	54.5

dresses_numeric
2 	33.5	33.5	26	26 	36.5	36.5
4 	34.5	34.5 	27	27 	37.5	37.5
6 	35.5	35.5 	28	28 	38.5	38.5
8 	36.5	36.5 	29	29 	39.5	39.5
10 	37.5	37.5 	30	30 	40.5	40.5
12 	39	39 	31.5	31.5 	42.5	42.5
14 	40.5	40.5 	33	33 	43.5	43.5
16 	42.5	42.5 	35	35 	45.5	45.5
18 	44.5	44.5 	37	37 	47.5	47.5

dresses_alpha
XS 	34.5	34.5 	27	27 	37.5	37.5
S 	36.5	36.5 	29	29 	39.5	39.5
M 	38.5	38.5 	31	31 	41.5	41.5
L 	41.5	41.5 	34	34 	44.5	44.5
XL 	44.5	44.5 	37	37 	47.5	47.5

petite_dresses_numeric
2 	32.5	32.5 	25	25 	35	35
4 	33.5	33.5 	26	26 	36	36
6 	34.5	34.5 	27	27 	37	37
8 	35.5	35.5 	28	28 	38	38
10 	36.5	36.5 	29	29 	39	39
12 	39	39 	31.5	31.5 	41.5	41.5
14 	40.5	40.5 	33	33 	43	43
16 	42.5	42.5 	35	35 	45	45
18 	44.5	44.5 	37	37 	47	47

petite_dresses_alpha
P 	33.5	33.5 	26	26 	36	36
S 	35.5	35.5 	28	28 	38	38
M 	37.5	37.5 	30	30 	40	40
L 	40.5	40.5 	33	33 	43	43

plus_dresses_numeric
16 	46	46 	38.5	38.5 	48.5	48.5
18 	48	48 	40.5	40.5 	50.5	50.5
20 	50	50 	42.5	42.5 	52.5	52.5
22 	52	52 	44.5	44.5 	54.5	54.5
24 	54	54 	46.5	46.5 	56.5	56.5

plus_dresses_x
1X 	46	46 	38.5	38.5 	48.5	48.5
2X 	49	49 	41.5	41.5 	51.5	51.5
3X 	52	52 	44.5	44.5 	54.5	54.5

outerwear_numeric
2 	33.5	33.5	0	0	0	0
4 	34.5	34.5	0	0	0	0
6 	35.5	35.5	0	0	0	0
8 	36.5	36.5	0	0	0	0
10 	37.5	37.5	0	0	0	0
12 	39	39	0	0	0	0
14 	40.5	40.5	0	0	0	0
16 	42.5	42.5	0	0	0	0
18 	44.5	44.5	0	0	0	0

outerwear_and_jacket_alpha
XS 	34.5	34.5	0	0	0	0
S 	36.5	36.5	0	0	0	0
M 	38.5	38.5	0	0	0	0
L 	41.5	41.5	0	0	0	0
XL 	44.5	44.5	0	0	0	0

petite_outerwear_numeric
2 	32.5	32.5	0	0	0	0
4 	33.5	33.5	0	0	0	0
6 	34.5	34.5	0	0	0	0
8 	35.5	35.5	0	0	0	0
10 	36.5	36.5	0	0	0	0
12 	39	39	0	0	0	0
14 	40.5	40.5	0	0	0	0
16 	42.5	42.5	0	0	0	0
18 	44.5	44.5	0	0	0	0

petite_outerwear_alpha
P 	33.5	33.5	0	0	0	0
S 	35.5	35.5	0	0	0	0
M 	37.5	37.5	0	0	0	0
L 	40.5	40.5	0	0	0	0

plus_outerwear_numeric
16 	46	46	0	0	0	0
18 	48	48	0	0	0	0
20 	50	50	0	0	0	0
22 	52	52	0	0	0	0
24 	54	54	0	0	0	0

plus_outerwear_x
1X 	46	46	0	0	0	0
2X 	49	49	0	0	0	0
3X 	52	52	0	0	0	0



